609 29 3.4001286053353397e-07
595 14 -0.02216106839478016
572 6 -0.03569912910461426
554 6 -0.044687770307064056
541 8 -0.05378498509526253
574 24 -0.04576742276549339
546 27 -0.06346377730369568
528 29 -0.07214650511741638
514 30 -0.07669132947921753
576 41 -0.03988103196024895
549 47 -0.05560322105884552
531 51 -0.061712805181741714
516 54 -0.06560429185628891
577 54 -0.03431183099746704
553 61 -0.047098685055971146
535 65 -0.05245988443493843
522 68 -0.055493734776973724
579 64 -0.029941972345113754
558 70 -0.03992254287004471
544 75 -0.044581279158592224
532 78 -0.047342125326395035
